H=[0 4 2; 6 20 1; 3 2 0]
J=[1 6 3; 4 2 2; 2 1 0]

H+J
H*J
H.*J