aa = [13:5:29; 30:-8:3]

data=[2 5 7 1; 3 10 14 4; 6 8 15 11]
data(2, 3)
data(7)